Tydzień 01
01-01-2024 - 07-01-2024
PL	ZS	FS
64
0.000
0.000
74
3.000
0.000
84
0.000
0.000
0.000
0.000
0.000
0.000
0.000
27.718
27.718
27.718
0.000
0.000
0.000
25.000
25.000
25.000
0.000
0.000
27.718
000
Tydzień 02
08-01-2024 - 14-01-2024
PL	ZS	FS
21
0.000
0.000
31
0.000
0.000
0.000
0.000
0.000
0.000
0.000
0.000
0.000
0.000
0.000
27.718
27.718
27.718
0.000
0.000
0.000
25.000
25.000
25.000
0.000
0.000
27.718
Tydzień 03
15-01-2024 - 21-01-2024
PL	ZS	FS
10.800
0.000
0.000
0.000
0.000
0.000
0.000
0.000
0.000
0.000
0.000
0.000
10.800
0.000
0.000
27.718
27.718
27.718
0.000
0.000
0.000
25.000
25.000
25.000
0.000
0.000
16.918
Tydzień 04
22-01-2024 - 28-01-2024
PL	ZS	FS
0.000
0.000
0.000
0.000
0.000
0.000
0.000
0.000
0.000
0.000
0.000
0.000
0.000
0.000
0.000
27.718
27.718
27.718
0.000
0.000
0.000
25.000
25.000
25.000
0.000
0.000
16.918
Tydzień 05
29-01-2024 - 04-02-2024
PL	ZS	FS
0.000
0.000
0.000
4.200
0.000
0.000
0.000
0.000
0.000
0.000
0.000
0.000
4.200
0.000
0.000
27.718
27.718
27.718
0.000
0.000
0.000
25.000
25.000
25.000
0.000
0.000
12.718
Tydzień 06
05-02-2024 - 11-02-2024
PL	ZS	FS
10.800
0.000
0.000
0.000
0.000
0.000
0.000
0.000
0.000
0.000
0.000
0.000
10.800
0.000
0.000
27.718
27.718
27.718
24.000
24.000
0.000
25.000
25.000
25.000
0.000
0.000
25.918
Tydzień 07
12-02-2024 - 18-02-2024
PL	ZS	FS
0.000
0.000
0.000
0.000
0.000
0.000
0.000
0.000
0.000
0.000
0.000
0.000
0.000
0.000
0.000
27.718
27.718
27.718
0.000
0.000
0.000
25.000
25.000
25.000
0.000
0.000
25.918
Tydzień 08
19-02-2024 - 25-02-2024
PL	ZS	FS
0.000
0.000
0.000
0.000
0.000
0.000
0.000
0.000
0.000
0.000
0.000
0.000
0.000
0.000
0.000
27.718
27.718
27.718
0.000
0.000
0.000
25.000
25.000
25.000
0.000
0.000
25.918
Tydzień 09
26-02-2024 - 03-03-2024
PL	ZS	FS
0.000
0.000
0.000
6.000
0.000
0.000
0.000
0.000
0.000
0.000
0.000
0.000
6.000
0.000
0.000
27.718
27.718
27.718
0.000
0.000
0.000
25.000
25.000
25.000
0.000
0.000
19.918
Tydzień 10
04-03-2024 - 10-03-2024
PL	ZS	FS
0.000
0.000
0.000
0.000
0.000
0.000
0.000
0.000
0.000
0.000
0.000
0.000
0.000
0.000
0.000
27.718
27.718
27.718
0.000
0.000
0.000
25.000
25.000
25.000
0.000
0.000
19.918
Tydzień 11
11-03-2024 - 17-03-2024
PL	ZS	FS
10.800
0.000
0.000
0.000
0.000
0.000
0.000
0.000
0.000
0.000
0.000
0.000
10.800
0.000
0.000
27.718
27.718
27.718
12.000
12.000
0.000
25.000
25.000
25.000
0.000
0.000
21.118
Tydzień 12
18-03-2024 - 24-03-2024
PL	ZS	FS
0.000
0.000
0.000
0.000
0.000
0.000
0.000
0.000
0.000
0.000
0.000
0.000
0.000
0.000
0.000
27.718
27.718
27.718
0.000
0.000
0.000
25.000
25.000
25.000
0.000
0.000
21.118
Tydzień 13
25-03-2024 - 31-03-2024
PL	ZS	FS
0.000
0.000
0.000
0.000
0.000
0.000
0.000
0.000
0.000
0.000
0.000
0.000
0.000
0.000
0.000
27.718
27.718
27.718
48.000
48.000
0.000
25.000
25.000
25.000
0.000
0.000
69.118
Tydzień 14
01-04-2024 - 07-04-2024
PL	ZS	FS
0.000
0.000
0.000
0.000
0.000
0.000
0.000
0.000
0.000
0.000
0.000
0.000
0.000
0.000
0.000
27.718
27.718
27.718
0.000
0.000
0.000
25.000
25.000
25.000
0.000
0.000
69.118
Tydzień 15
08-04-2024 - 14-04-2024
PL	ZS	FS
0.000
0.000
0.000
0.000
0.000
0.000
0.000
0.000
0.000
0.000
0.000
0.000
0.000
0.000
0.000
27.718
27.718
27.718
0.000
0.000
0.000
25.000
25.000
25.000
0.000
0.000
69.118
Tydzień 16
15-04-2024 - 21-04-2024
PL	ZS	FS
0.000
0.000
0.000
4.800
0.000
0.000
0.000
0.000
0.000
0.000
0.000
0.000
4.800
0.000
0.000
27.718
27.718
27.718
0.000
0.000
0.000
25.000
25.000
25.000
0.000
0.000
64.318
Tydzień 17
22-04-2024 - 28-04-2024
PL	ZS	FS
10.800
0.000
0.000
0.000
0.000
0.000
0.000
0.000
0.000
0.000
0.000
0.000
10.800
0.000
0.000
27.718
27.718
27.718
0.000
0.000
0.000
25.000
25.000
25.000
0.000
0.000
53.518
Tydzień 18
29-04-2024 - 05-05-2024
PL	ZS	FS
0.000
0.000
0.000
0.000
0.000
0.000
0.000
0.000
0.000
0.000
0.000
0.000
0.000
0.000
0.000
27.718
27.718
27.718
0.000
0.000
0.000
30.000
30.000
30.000
0.000
0.000
53.518
Tydzień 19
06-05-2024 - 12-05-2024
PL	ZS	FS
0.000
0.000
0.000
0.000
0.000
0.000
0.000
0.000
0.000
0.000
0.000
0.000
0.000
0.000
0.000
27.718
27.718
27.718
0.000
0.000
0.000
30.000
30.000
30.000
0.000
0.000
53.518
Tydzień 20
13-05-2024 - 19-05-2024
PL	ZS	FS
0.000
0.000
0.000
4.800
0.000
0.000
0.000
0.000
0.000
0.000
0.000
0.000
4.800
0.000
0.000
27.718
27.718
27.718
0.000
0.000
0.000
30.000
30.000
30.000
0.000
0.000
48.718
Tydzień 21
20-05-2024 - 26-05-2024
PL	ZS	FS
10.800
0.000
0.000
0.000
0.000
0.000
0.000
0.000
0.000
0.000
0.000
0.000
10.800
0.000
0.000
27.718
27.718
27.718
0.000
0.000
0.000
30.000
30.000
30.000
0.000
0.000
37.918
Tydzień 22
27-05-2024 - 02-06-2024
PL	ZS	FS
0.000
0.000
0.000
0.000
0.000
0.000
0.000
0.000
0.000
0.000
0.000
0.000
0.000
0.000
0.000
27.718
27.718
27.718
0.000
0.000
0.000
30.000
30.000
30.000
0.000
0.000
37.918
Tydzień 23
03-06-2024 - 09-06-2024
PL	ZS	FS
0.000
0.000
0.000
5.400
0.000
0.000
0.000
0.000
0.000
0.000
0.000
0.000
5.400
0.000
0.000
27.718
27.718
27.718
0.000
0.000
0.000
30.000
30.000
30.000
0.000
0.000
32.518
Tydzień 24
10-06-2024 - 16-06-2024
PL	ZS	FS
0.000
0.000
0.000
0.000
0.000
0.000
0.000
0.000
0.000
0.000
0.000
0.000
0.000
0.000
0.000
27.718
27.718
27.718
0.000
0.000
0.000
30.000
30.000
30.000
0.000
0.000
32.518
Tydzień 25
17-06-2024 - 23-06-2024
PL	ZS	FS
10.800
0.000
0.000
4.800
0.000
0.000
0.000
0.000
0.000
0.000
0.000
0.000
15.600
0.000
0.000
27.718
27.718
27.718
0.000
0.000
0.000
30.000
30.000
30.000
0.000
0.000
16.918
Tydzień 26
24-06-2024 - 30-06-2024
PL	ZS	FS
0.000
0.000
0.000
0.000
0.000
0.000
0.000
0.000
0.000
0.000
0.000
0.000
0.000
0.000
0.000
27.718
27.718
27.718
0.000
0.000
0.000
30.000
30.000
30.000
0.000
0.000
16.918
Tydzień 27
01-07-2024 - 07-07-2024
PL	ZS	FS
0.000
0.000
0.000
0.000
0.000
0.000
0.000
0.000
0.000
0.000
0.000
0.000
0.000
0.000
0.000
27.718
27.718
27.718
0.000
0.000
0.000
30.000
30.000
30.000
0.000
0.000
16.918
Tydzień 28
08-07-2024 - 14-07-2024
PL	ZS	FS
0.000
0.000
0.000
0.000
0.000
0.000
0.000
0.000
0.000
0.000
0.000
0.000
0.000
0.000
0.000
27.718
27.718
27.718
0.000
0.000
0.000
30.000
30.000
30.000
0.000
0.000
16.918
Tydzień 29
15-07-2024 - 21-07-2024
PL	ZS	FS
10.800
0.000
0.000
4.800
0.000
0.000
0.000
0.000
0.000
0.000
0.000
0.000
15.600
0.000
0.000
27.718
27.718
27.718
0.000
0.000
0.000
30.000
30.000
30.000
0.000
0.000
1.318
Tydzień 30
22-07-2024 - 28-07-2024
PL	ZS	FS
0.000
0.000
0.000
0.000
0.000
0.000
0.000
0.000
0.000
0.000
0.000
0.000
0.000
0.000
0.000
27.718
27.718
27.718
0.000
0.000
0.000
30.000
30.000
30.000
0.000
0.000
1.318
Tydzień 31
29-07-2024 - 04-08-2024
PL	ZS	FS
0.000
0.000
0.000
0.000
0.000
0.000
0.000
0.000
0.000
0.000
0.000
0.000
0.000
0.000
0.000
27.718
27.718
27.718
0.000
0.000
0.000
30.000
30.000
30.000
0.000
0.000
1.318
Tydzień 32
05-08-2024 - 11-08-2024
PL	ZS	FS
10.800
0.000
0.000
4.800
0.000
0.000
0.000
0.000
0.000
0.000
0.000
0.000
15.600
0.000
0.000
27.718
27.718
27.718
0.000
0.000
0.000
30.000
30.000
30.000
0.000
0.000
-14.282
Tydzień 33
12-08-2024 - 18-08-2024
PL	ZS	FS
0.000
0.000
0.000
0.000
0.000
0.000
0.000
0.000
0.000
0.000
0.000
0.000
0.000
0.000
0.000
27.718
27.718
27.718
0.000
0.000
0.000
30.000
30.000
30.000
0.000
0.000
-14.282
Tydzień 34
19-08-2024 - 25-08-2024
PL	ZS	FS
0.000
0.000
0.000
0.000
0.000
0.000
0.000
0.000
0.000
0.000
0.000
0.000
0.000
0.000
0.000
27.718
27.718
27.718
0.000
0.000
0.000
30.000
30.000
30.000
0.000
0.000
-14.282
Tydzień 35
26-08-2024 - 01-09-2024
PL	ZS	FS
0.000
0.000
0.000
4.800
0.000
0.000
0.000
0.000
0.000
0.000
0.000
0.000
4.800
0.000
0.000
27.718
27.718
27.718
0.000
0.000
0.000
25.000
25.000
25.000
0.000
0.000
-19.082
Tydzień 36
02-09-2024 - 08-09-2024
PL	ZS	FS
10.800
0.000
0.000
0.000
0.000
0.000
0.000
0.000
0.000
0.000
0.000
0.000
10.800
0.000
0.000
27.718
27.718
27.718
0.000
0.000
0.000
25.000
25.000
25.000
0.000
0.000
-29.882
Tydzień 37
09-09-2024 - 15-09-2024
PL	ZS	FS
0.000
0.000
0.000
0.000
0.000
0.000
0.000
0.000
0.000
0.000
0.000
0.000
0.000
0.000
0.000
27.718
27.718
27.718
0.000
0.000
0.000
25.000
25.000
25.000
0.000
0.000
-29.882
Tydzień 38
16-09-2024 - 22-09-2024
PL	ZS	FS
10.800
0.000
0.000
5.400
0.000
0.000
0.000
0.000
0.000
0.000
0.000
0.000
16.200
0.000
0.000
27.718
27.718
27.718
0.000
0.000
0.000
25.000
25.000
25.000
0.000
0.000
-46.082
Tydzień 39
23-09-2024 - 29-09-2024
PL	ZS	FS
0.000
0.000
0.000
0.000
0.000
0.000
0.000
0.000
0.000
0.000
0.000
0.000
0.000
0.000
0.000
27.718
27.718
27.718
0.000
0.000
0.000
25.000
25.000
25.000
0.000
0.000
-46.082
Tydzień 40
30-09-2024 - 06-10-2024
PL	ZS	FS
0.000
0.000
0.000
0.000
0.000
0.000
0.000
0.000
0.000
0.000
0.000
0.000
0.000
0.000
0.000
27.718
27.718
27.718
0.000
0.000
0.000
25.000
25.000
25.000
0.000
0.000
-46.082
Tydzień 41
07-10-2024 - 13-10-2024
PL	ZS	FS
10.800
0.000
0.000
4.800
0.000
0.000
0.000
0.000
0.000
0.000
0.000
0.000
15.600
0.000
0.000
27.718
27.718
27.718
0.000
0.000
0.000
25.000
25.000
25.000
0.000
0.000
-61.682
Tydzień 42
14-10-2024 - 20-10-2024
PL	ZS	FS
0.000
0.000
0.000
0.000
0.000
0.000
0.000
0.000
0.000
0.000
0.000
0.000
0.000
0.000
0.000
27.718
27.718
27.718
0.000
0.000
0.000
25.000
25.000
25.000
0.000
0.000
-61.682
Tydzień 43
21-10-2024 - 27-10-2024
PL	ZS	FS
0.000
0.000
0.000
0.000
0.000
0.000
0.000
0.000
0.000
0.000
0.000
0.000
0.000
0.000
0.000
27.718
27.718
27.718
0.000
0.000
0.000
25.000
25.000
25.000
0.000
0.000
-61.682
Tydzień 44
28-10-2024 - 03-11-2024
PL	ZS	FS
0.000
0.000
0.000
0.000
0.000
0.000
0.000
0.000
0.000
0.000
0.000
0.000
0.000
0.000
0.000
27.718
27.718
27.718
0.000
0.000
0.000
25.000
25.000
25.000
0.000
0.000
-61.682
Tydzień 45
04-11-2024 - 10-11-2024
PL	ZS	FS
0.000
0.000
0.000
5.400
0.000
0.000
0.000
0.000
0.000
0.000
0.000
0.000
5.400
0.000
0.000
27.718
27.718
27.718
0.000
0.000
0.000
25.000
25.000
25.000
0.000
0.000
-67.082
Tydzień 46
11-11-2024 - 17-11-2024
PL	ZS	FS
0.000
0.000
0.000
0.000
0.000
0.000
0.000
0.000
0.000
0.000
0.000
0.000
0.000
0.000
0.000
27.718
27.718
27.718
0.000
0.000
0.000
25.000
25.000
25.000
0.000
0.000
-67.082
Tydzień 47
18-11-2024 - 24-11-2024
PL	ZS	FS
0.000
0.000
0.000
0.000
0.000
0.000
0.000
0.000
0.000
0.000
0.000
0.000
0.000
0.000
0.000
27.718
27.718
27.718
0.000
0.000
0.000
25.000
25.000
25.000
0.000
0.000
-67.082
Tydzień 48
25-11-2024 - 01-12-2024
PL	ZS	FS
0.000
0.000
0.000
0.000
0.000
0.000
0.000
0.000
0.000
0.000
0.000
0.000
0.000
0.000
0.000
27.718
27.718
27.718
0.000
0.000
0.000
25.000
25.000
25.000
0.000
0.000
-67.082
Tydzień 49
02-12-2024 - 08-12-2024
PL	ZS	FS
10.800
0.000
0.000
0.000
0.000
0.000
0.000
0.000
0.000
0.000
0.000
0.000
10.800
0.000
0.000
27.718
27.718
27.718
0.000
0.000
0.000
25.000
25.000
25.000
0.000
0.000
-77.882
Tydzień 50
09-12-2024 - 15-12-2024
PL	ZS	FS
0.000
0.000
0.000
0.000
0.000
0.000
0.000
0.000
0.000
0.000
0.000
0.000
0.000
0.000
0.000
27.718
27.718
27.718
0.000
0.000
0.000
25.000
25.000
25.000
0.000
0.000
-77.882
Tydzień 51
16-12-2024 - 22-12-2024
PL	ZS	FS
0.000
0.000
0.000
0.000
0.000
0.000
0.000
0.000
0.000
0.000
0.000
0.000
0.000
0.000
0.000
27.718
27.718
27.718
0.000
0.000
0.000
25.000
25.000
25.000
0.000
0.000
-77.882
Tydzień 52
23-12-2024 - 29-12-2024
PL	ZS	FS
0.000
0.000
0.000
0.000
0.000
0.000
0.000
0.000
0.000
0.000
0.000
0.000
0.000
0.000
0.000
27.718
27.718
27.718
0.000
0.000
0.000
25.000
25.000
25.000
0.000
0.000
-77.882